[?25l[0m [38;2;0;0;0m                               [0m
 [38;2;0;0;0m       [38;2;62;15;17m▂[38;2;85;22;24m▄[38;2;90;21;24m╸          [38;2;88;22;25m╺[38;2;86;22;25m▄[38;2;67;16;18m▂        [0m
 [38;2;0;0;0m    [0m [38;2;97;24;27m▄[7m[38;2;95;24;27m▚[38;2;88;23;26m▅[0m [38;2;1;0;0m            [0m [7m[38;2;87;23;25m▅[0m[38;2;91;23;26m▚[38;2;108;27;32m▄[0m [38;2;0;0;0m     [0m
 [38;2;0;0;0m    [38;2;119;67;80;48;2;72;18;20m▗[38;2;141;123;147;48;2;116;38;44m▃[0m[7m[38;2;115;30;34m▝[0m[38;2;108;31;36m▅[38;2;107;30;36m▖            [38;2;86;26;30m▗[38;2;130;39;46m▅[7m[38;2;114;31;36m▘[0m[38;2;203;199;213;48;2;128;47;52m▃[0m[38;2;142;54;61m▉     [0m
 [38;2;0;0;0m    [7m[38;2;99;45;53m▍[0m[38;2;133;121;144;48;2;105;35;40m▎[38;2;122;30;34;48;2;112;29;33m└[38;2;115;30;33;48;2;153;39;44m▋[0m[38;2;103;24;27m▍  [0m [38;2;184;183;197m▄[38;2;170;166;181m▆[38;2;203;201;215m▇▇[38;2;195;195;205m▆[38;2;188;188;200m▄[0m [38;2;91;91;97m  [7m[38;2;68;17;19m▋[0m[38;2;155;40;45;48;2;114;30;34m▝[38;2;115;29;33;48;2;149;39;43m┛[38;2;157;53;58;48;2;195;194;207m▊[0m[38;2;148;73;80m▋     [0m
 [38;2;0;0;0m    [38;2;49;13;14m▝[38;2;58;22;26;48;2;103;46;53m▏[38;2;94;23;26;48;2;113;31;34m▁[38;2;129;35;38;48;2;138;37;40m▏[0m[7m[38;2;132;34;38m▝[0m[38;2;120;32;37m▄[38;2;132;42;40m▅[38;2;120;89;59;48;2;183;176;185m▏[38;2;164;157;176;48;2;129;118;139m▉[38;2;78;67;81;48;2;159;153;170m▇[38;2;96;88;107;48;2;212;211;224m▅[38;2;87;88;114;48;2;213;212;225m▅[38;2;97;84;108;48;2;169;162;177m▆[38;2;222;221;235;48;2;200;199;212m╷[38;2;204;197;198;48;2;133;128;128m▇[0m[38;2;123;46;36m▅[38;2;144;39;45m▄[7m[38;2;155;41;46m▘[0m[38;2;168;45;51;48;2;134;36;41m▆[38;2;172;46;51;48;2;162;42;47m┈[38;2;58;14;16;48;2;142;69;75m▁[0m[38;2;75;19;22m▘     [0m
 [38;2;0;0;0m [7m[38;2;111;114;130m▊[0m[38;2;115;106;129m▅[38;2;74;67;81m▁  [38;2;55;14;15m▝[38;2;73;19;21;48;2;127;34;37m▏[38;2;126;34;36;48;2;134;36;39m╶[38;2;74;33;43;48;2;114;32;35m▝[38;2;110;29;33;48;2;150;37;42m▋[38;2;106;43;52;48;2;137;108;126m▅[38;2;76;60;76;48;2;133;121;142m▄[38;2;131;157;179;48;2;67;69;90m┗[38;2;131;182;208;48;2;93;112;138m▘[38;2;164;182;200;48;2;114;124;144m┴[38;2;119;156;179;48;2;83;81;100m┛[38;2;78;62;78;48;2;144;135;154m▄[38;2;101;48;55;48;2;171;158;169m▅[38;2;105;27;31;48;2;151;38;43m▌[38;2;157;40;45;48;2;110;47;59m▅[38;2;158;41;48;48;2;169;44;51m┄[38;2;160;43;49;48;2;106;28;31m▉[0m[38;2;85;22;25m▘  [38;2;115;114;122m▁[38;2;165;167;183m▅[38;2;109;112;129m▎  [0m
 [38;2;0;0;0m [0m [38;2;43;62;102;48;2;56;67;113m▏[38;2;140;127;152;48;2;83;82;117m╵[0m[38;2;88;54;67m▅[38;2;42;19;23m▁ [38;2;98;27;31m▝[38;2;129;36;38;48;2;94;30;36m╵[38;2;160;42;48;48;2;120;37;33m▘[38;2;100;27;30;48;2;107;29;30m╵[38;2;101;27;30;48;2;122;32;35m▇[38;2;104;27;31;48;2;134;36;42m▆[38;2;106;31;36;48;2;128;41;49m▉[38;2;105;43;48;48;2;107;155;141m▉[38;2;107;155;141;48;2;104;44;49m▏[38;2;133;33;38;48;2;82;43;54m▆[38;2;148;37;42;48;2;128;35;41m▇[38;2;124;31;35;48;2;148;37;42m╱[38;2;115;29;33;48;2;142;37;39m▝[38;2;102;28;30;48;2;117;35;32m╵[38;2;32;23;31;48;2;142;43;51m▁[0m[38;2;129;37;43m▘ [38;2;67;32;35m▁[38;2;138;90;103m▅[38;2;77;104;159;48;2;139;152;187m╺[38;2;67;95;152;48;2;114;131;173m▇[0m [38;2;0;0;0m  [0m
 [38;2;0;0;0m  [7m[38;2;52;69;117m▍[0m[38;2;49;56;102;48;2;49;58;104m╵[38;2;50;57;103;48;2;65;45;76m▇[38;2;68;72;111;48;2;124;111;135m▖[0m[38;2;84;76;91m▖ [38;2;49;36;47m▝[38;2;73;51;48;48;2;131;85;29m▋[38;2;138;91;23;48;2;39;27;33m▍[38;2;151;99;15;48;2;107;64;31m▗[38;2;98;189;143;48;2;96;72;56m▗[38;2;135;165;142;48;2;108;40;39m▂[38;2;119;33;36;48;2;98;39;44m▇[38;2;117;33;35;48;2;111;32;36m╷[38;2;122;157;136;48;2;105;39;38m▂[38;2;102;189;146;48;2;102;73;57m▖[38;2;112;69;42;48;2;140;79;17m▚[38;2;166;118;30;48;2;52;34;32m▗[38;2;176;125;22;48;2;79;54;46m▖[0m[38;2;56;43;55m▘ [38;2;123;122;131m▗[38;2;175;182;207;48;2;121;104;111m▇[38;2;78;109;169;48;2;102;82;123m▇[38;2;76;108;169;48;2;73;105;166m▖[0m[38;2;72;101;157m▋   [0m
 [38;2;0;0;0m  [7m[38;2;39;55;90m▊[0m[38;2;55;69;119;48;2;70;99;159m▝[38;2;64;85;140;48;2;51;61;109m▖[38;2;63;69;112;48;2;151;139;163m▋[38;2;135;123;145;48;2;84;76;91m▇[0m[38;2;146;134;158m▃[0m [38;2;56;43;52m▝[7m[38;2;50;38;47m▅[38;2;79;61;64m▖[0m[38;2;126;112;116;48;2;90;66;53m╺[38;2;146;134;157;48;2;82;92;94m▅[38;2;152;140;163;48;2;123;54;62m▅[38;2;187;182;198;48;2;114;58;64m▅[38;2;208;207;219;48;2;82;99;95m▆[38;2;156;146;147;48;2;118;93;71m╸[38;2;104;89;89;48;2;32;25;32m▋[0m[7m[38;2;62;49;60m▅[0m[38;2;61;47;56m▘[0m [38;2;215;214;228m▃[38;2;181;178;192;48;2;109;105;116m▇[38;2;219;218;232;48;2;96;125;176m▍[38;2;79;113;175;48;2;81;116;177m▝[38;2;77;109;171;48;2;81;115;175m╵[0m[38;2;57;78;111m▎   [0m
 [38;2;0;0;0m   [38;2;56;73;123m▝[38;2;50;57;94;48;2;66;89;140m╴[38;2;64;81;131;48;2;117;118;149m▉[38;2;91;83;98;48;2;148;136;159m╵[38;2;136;124;147;48;2;145;131;156m╸[0m[38;2;109;98;118m▍[0m [38;2;31;37;68m▃[38;2;43;48;84;48;2;32;30;41m▇[38;2;46;38;50;48;2;118;106;127m▎[38;2;88;66;80;48;2;158;147;165m▁[38;2;118;38;43;48;2;136;120;140m▇[38;2;135;42;48;48;2;154;140;156m▇[38;2;126;99;115;48;2;202;195;207m▂[38;2;174;170;183;48;2;58;50;62m▊[38;2;48;55;93;48;2;58;61;72m▇[0m[38;2;41;55;93m▃[0m [7m[38;2;135;130;145m▋[0m[38;2;145;133;156;48;2;213;212;226m▆[38;2;159;154;169;48;2;203;201;216m▘[38;2;158;166;190;48;2;80;109;163m▏[38;2;53;60;100;48;2;71;97;150m╶[0m[38;2;60;80;131m▘    [0m
 [38;2;0;0;0m    [38;2;68;95;145m▝[38;2;68;102;160;48;2;76;109;170m╱[38;2;73;103;160;48;2;130;124;152m▖[38;2;168;163;181;48;2;144;132;156m▁[38;2;79;72;91;48;2;129;117;141m▝[38;2;78;71;93;48;2;48;45;61m▇[38;2;48;56;102;48;2;46;52;89m▗[38;2;44;52;94;48;2;43;39;62m▊[38;2;53;40;50;48;2;50;37;47m┈[38;2;53;36;46;48;2;91;64;77m▇[38;2;74;30;36;48;2;117;31;35m▃[38;2;81;31;38;48;2;142;37;41m▃[38;2;58;38;48;48;2;108;70;84m▇[38;2;64;50;65;48;2;52;39;49m▁[38;2;45;41;63;48;2;48;59;103m▎[38;2;47;56;97;48;2;65;76;116m▉[38;2;80;75;98;48;2;51;49;67m▇[38;2;88;82;101;48;2;131;119;142m▘[38;2;194;192;207;48;2;149;137;161m▗[38;2;77;107;164;48;2;183;186;205m▗[38;2;81;115;175;48;2;76;108;168m╵[0m[38;2;70;98;149m▘     [0m
 [38;2;0;0;0m     [38;2;65;102;146m▝[38;2;67;79;103;48;2;122;117;145m▏[38;2;106;98;121;48;2;146;135;157m▃[38;2;161;154;174;48;2;186;183;200m▖[38;2;208;207;223;48;2;107;100;120m▄[38;2;150;146;165;48;2;84;79;104m▁[38;2;82;79;102;48;2;49;56;95m▖[38;2;47;55;98;48;2;46;39;58m▖[38;2;53;40;51;48;2;59;45;57m▉[38;2;69;54;68;48;2;54;41;53m▂[38;2;80;64;81;48;2;56;42;54m▄[38;2;78;62;79;48;2;60;45;57m▆[38;2;52;65;112;48;2;63;55;78m▗[38;2;104;108;132;48;2;52;62;103m▂[38;2;123;119;141;48;2;76;72;98m▃[38;2;139;126;151;48;2;97;88;109m▄[38;2;203;202;215;48;2;148;138;160m▗[38;2;116;109;131;48;2;186;182;198m▃[38;2;177;181;201;48;2;66;79;102m▉[0m[38;2;60;93;134m▘      [0m
 [38;2;0;0;0m      [7m[38;2;98;88;105m▆[38;2;88;82;103m▄[38;2;134;122;145m▁[0m[38;2;146;112;88;48;2;197;189;196m▆[38;2;168;112;38;48;2;205;200;209m▃[38;2;202;196;201;48;2;103;98;118m▅[38;2;207;202;213;48;2;61;72;114m▃[38;2;213;212;227;48;2;71;60;82m▂[38;2;185;183;197;48;2;87;61;78m▂[38;2;185;184;196;48;2;91;64;82m▂[38;2;214;213;228;48;2;76;59;81m▂[38;2;202;198;210;48;2;61;71;112m▃[38;2;161;126;85;48;2;148;142;163m▁[38;2;217;152;29;48;2;145;129;144m▃[38;2;192;150;77;48;2;193;185;183m▌[0m[7m[38;2;196;195;210m▁[0m[38;2;156;154;172m▘[7m[38;2;136;135;146m▆[0m[38;2;7;7;8m       [0m
 [38;2;0;0;0m         [7m[38;2;48;35;28m▇[38;2;132;78;8m▅[38;2;151;91;9m▃[38;2;199;133;12m▂[38;2;206;146;32m▁[0m[38;2;107;65;7;48;2;225;169;49m▂[38;2;109;67;7;48;2;225;172;49m▂[0m[7m[38;2;209;156;33m▁[38;2;199;140;14m▂[38;2;211;148;11m▃[38;2;207;144;10m▅[38;2;102;91;77m▇[0m[38;2;2;2;1m          [0m
 [38;2;0;0;0m                               [0m
[?25h